[UTF8/MIXED]
[44607.8570261458us-la1.rvh2.raincs.cn]
created=44607.8570261458
IP=us-la1.rvh2.raincs.cn
port=21
user=413926
pass=2DA9C620A72454BD38484CA639A1E60965
LoginType=1
path=wwwroot/
options=3030333000033001103000010003333000001002000133903300
Proxy=0
ID=16A1974C

[44607.859943125oulixiaohui.fun]
created=44607.8570261458
IP=oulixiaohui.fun
port=21
user=413926
pass=1FBB31B61EBE3B5496E4205CF77E9DC71F
LoginType=1
path=wwwroot/
options=3030333000033001103000010003333000001002000133903300
Proxy=0
ID=D14EB1A5

[44607.8601861921www.oulixiaohui.fun]
created=44607.8570261458
IP=www.oulixiaohui.fun
port=21
user=anonymous
LoginType=0
path=wwwroot/
options=3030333000033001103000010003333000001002000133903300
Proxy=0
ID=E9F6C721

[44607.8603957755www.oulixiaohui.fun]
created=44607.8570261458
IP=www.oulixiaohui.fun
port=21
user=413926
LoginType=1
path=wwwroot/
options=3030333000033001103000010003333000001002000133903300
Proxy=0
pass=DD7AF771D873E72146BDC232AF30569EC7
ID=737D1FE2
